individus	longueur	largeur	epaisseur	Repeat	FecondIncomplet
100NlNa	9.45	4.7	1.54	1	0
100PNlPNa	10.52	5.17	2.81	1	0
101NlNa	9.37	4.52	2.01	1	0
101PNlPNa	10.22	5.16	3.02	1	0
102NlNa	8.88	4.12	1.75	1	0
102PNlPNa	9.22	4.75	2.85	1	0
103NlNa	9.33	4.3	1.67	1	0
103PNlPNa	10.66	5.12	2.61	1	0
104NlNa	8.61	4	1.63	1	0
104PNlPNa	10.22	5.08	2.98	1	0
105NlNa	8.78	4.15	1.73	1	0
105PNlNa	9.88	5.02	2.96	1	0
106NlNa	8.96	4.46	1.74	1	0
106PNlNa	9.81	4.77	2.56	1	0
107NlNa	9.77	4.78	1.95	1	0
107PNlNa	9.71	4.73	2.71	1	0
108NlNa	8.93	4.21	1.96	1	0
108PNlNa	9.83	4.87	2.57	1	0
109NlNa	8.3	4.16	1.67	1	0
109PNlNa	9.61	4.76	2.86	1	0
10NlNa	9.75	4.7	2.56	1	1
10PNlNa	9	4.62	2.95	1	0
10SNlPNa	10.74	4.74	2.11	1	0
10SPNlPNa	10.36	5.03	2.68	1	0
110NlNa	9.31	4.56	2.08	1	0
110PNlNa	9.48	4.64	2.3	1	0
111NlNa	9.24	4.47	1.91	1	0
111PNlNa	9.85	4.72	2.48	1	0
112NlNa	9.15	4.59	1.74	1	0
112PNlNa	10.49	5.15	2.43	1	0
113NlNa	9.7	4.53	2.01	1	0
113PNlNa	9.46	4.76	2.48	1	0
114NlNa	9.17	4.39	1.72	1	0
114PNlNa	9.04	4.65	2.48	1	0
115NlNa	9.13	4.33	2.42	1	0
115PNlNa	9.09	4.68	2.36	1	0
116NlNa	8.44	4.3	1.56	1	0
116PNlNa	9.39	4.53	1.98	1	0
117NlNa	9.34	4.57	2.02	1	0
117PNlNa	9.35	4.45	2.1	1	0
118NlNa	9.06	4.53	1.94	1	0
118PNlPNa	9.3	4.51	2.14	1	0
119NlNa	9.84	4.72	2.38	1	0
119PNlPNa	9.53	4.58	2.93	1	0
11NlNa	9.97	5.04	2.58	1	1
11PNlNa	8.92	4.18	2.4	1	0
11SNlPNa	9.5	4.77	1.76	1	0
11SPNlPNa	10.03	4.9	2.8	1	0
120NlNa	8.46	4.07	1.72	1	0
120PNlPNa	9.94	4.62	2.2	1	0
121NlNa	10.08	4.82	2.64	1	0
121PNlPNa	8.98	4.33	2.2	1	0
122NlPNa	9.21	4.43	1.94	1	0
122PNlNa	9.7	4.81	2.65	1	0
123NlPNa	10.06	5.04	2.04	1	0
123PNlNa	9.53	4.78	2.17	1	0
124NlPNa	9.35	4.57	2.17	1	0
124PNlNa	10.3	5.12	2.58	1	0
125NlPNa	9.46	4.44	2.24	1	0
125PNlNa	9.51	4.63	2.65	1	0
126NlPNa	9.32	4.68	2.22	1	0
126PNlNa	9.83	5	2.27	1	0
127NlPNa	8.89	4.32	1.89	1	0
128NlPNa	9.15	4.23	1.45	1	0
129NlPNa	9.41	4.41	1.8	1	0
12NlNa	10.39	5.15	2.59	1	1
12PNlPNa	9.41	4.68	2.69	1	0
12SNlPNa	10.08	4.93	2.08	1	0
12SPNlNa	10.19	4.79	2.24	1	0
130NlPNa	9.4	4.59	1.85	1	0
131NlPNa	9.5	4.78	2.14	1	0
132NlPNa	9.52	4.7	2.55	1	0
133NlPNa	9.2	4.24	2.24	1	0
134NlPNa	8.99	4.41	2	1	0
135NlPNa	10.17	4.53	2	1	0
136NlPNa	9.37	4.79	1.84	1	0
137NlPNa	9.38	4.62	1.95	1	0
138NlPNa	10.32	5.07	2.16	1	0
139NlPNa	9.75	4.65	1.96	1	0
13NlNa	9.72	4.83	2.5	1	1
13PNlNa	8.94	4.23	2.78	1	0
13SNlPNa	9.98	4.92	2.07	1	0
13SPNlNa	10.34	5	2.72	1	0
140NlPNa	8.09	4.51	1.47	1	0
141NlPNa	9.57	4.9	2.29	1	0
142NlPNa	8.95	4.37	1.9	1	0
143NlPNa	8.7	4.15	1.43	1	0
14NlNa	9.26	4.62	2.16	1	1
14PNlPNa	9.95	4.96	2.71	1	0
14SNlPNa	9.77	4.99	2.69	1	0
14SPNlNa	10.37	5.05	2.56	1	0
15NlNa	9.81	4.65	2.43	1	1
15PNlNa	9.49	4.89	2.57	1	0
15SNlPNa	9.67	4.85	2.32	1	0
15SPNlPNa	9.73	4.77	2.63	1	0
16NlNa	10.11	4.97	2.7	1	1
16PNlPNa	9.55	4.5	2.79	1	0
16SNlPNa	10.24	5.08	2.83	1	0
16SPNlPNa	9.69	4.74	2.78	1	0
17NlNa	10.6	5.19	2.84	1	1
17PNlNa	10.03	5.02	2.53	1	0
17SNlPNa	9.66	4.92	2.26	1	0
18NlNa	9.35	4.3	2.24	1	1
18PNlPNa	9	4.56	2.87	1	0
18SNlPNa	8.96	4.71	1.99	1	0
19NlPNa	10.22	4.51	2.41	1	0
19PNlPNa	9.03	4.59	2.76	1	0
19SNlPNa	9.34	4.54	2.45	1	0
19SPNlNa	10.41	4.88	2.71	1	0
1NlNa	9.43	4.76	2.68	1	1
1PNlNa	7.64	4.1	2.13	1	0
1SNlPNa	8.55	4.56	2.42	1	0
1SPNlNa	9.13	4.62	2.54	1	0
20NlPNa	9.62	4.64	2.57	1	0
20PNlPNa	10.06	5.08	2.64	1	0
20SNlPNa	10.15	5.09	1.94	1	0
20SPNlNa	10.76	5.24	2.75	1	0
21NlPNa	9.51	4.75	2.43	1	0
21PNlPNa	9.69	4.83	3.07	1	0
21SPNlNa	9.93	4.83	2.35	1	0
22NlPNa	9.77	4.59	2.6	1	0
22PNlPNa	9.1	4.41	2.64	1	0
22SPNlPNa	10.15	5.12	2.96	1	0
23NlPNa	9.3	4.72	2.3	1	0
23PNlPNa	9.5	4.69	2.47	1	0
23SPNlPNa	9.94	4.89	2.69	1	0
24NlPNa	10.87	4.99	2.52	1	0
24PNlPNa	8.5	4.36	1.7	1	0
24SPNlPNa	10.13	5.02	2.59	1	0
25NlPNa	10.54	5.08	2.77	1	0
25PNlPNa	9.71	4.86	2.7	1	0
25SPNlPNa	10.35	4.8	3.09	1	0
26NlNa	9.49	4.82	2.07	1	0
26PNlPNa	9.47	4.77	2.44	1	0
26SPNlPNa	9.79	4.61	2.37	1	0
27NlNa	9.14	4.85	2.45	1	0
27PNlPNa	9.99	4.92	2.63	1	0
27SPNlPNa	10.18	4.81	2.92	1	0
28NlNa	10.64	5.18	2.34	1	0
28PNlPNa	10.42	5.09	2.61	1	0
28SPNlNa	10.48	4.98	2.48	1	0
29NlNa	9.71	4.5	1.85	1	0
29PNlNa	9.48	5.01	2.66	1	0
29SPNlNa	9.55	4.9	3.02	1	0
2NlNa	9.18	4.57	2.74	1	1
2PNlNa	7.86	4.08	1.78	1	0
2SNlPNa	10	5.11	2.62	1	0
2SPNlNa	9.49	4.78	2.56	1	0
30NlNa	9.3	4.58	2.13	1	0
30PNlNa	10.85	5.43	3.15	1	0
30SPNlNa	9.32	4.73	2.12	1	0
31NlNa	9.54	4.83	2.35	1	0
31PNlNa	9.59	4.69	2.51	1	0
31SPNlNa	10.35	4.88	2.62	1	0
32NlNa	9.49	5	2.23	1	0
32PNlNa	9.78	5.1	2.6	1	0
32SPNlPNa	9.93	4.73	2.65	1	0
33NlNa	9.59	4.57	2.52	1	0
33PNlNa	9.26	4.86	2.67	1	0
33SPNlPNa	10.49	5.24	2.74	1	0
34NlNa	9.92	4.92	2.53	1	0
34PNlNa	9.5	4.89	2.66	1	0
34SPNlPNa	10.62	5.13	2.53	1	0
35NlNa	10.35	5.03	2.84	1	0
35PNlNa	9.75	4.87	2.34	1	0
35SPNlNa	10.15	5.03	2.82	1	0
36NlNa	8.99	5.69	2.25	1	0
36PNlPNa	9.11	4.84	2.24	1	0
37NlNa	9.34	4.52	2.55	1	0
37PNlPNa	10.02	5.03	2.85	1	0
38NlNa	10.77	4.24	2.41	1	0
38PNlPNa	9.65	4.97	2.74	1	0
39NlNa	9.23	4.78	2.28	1	0
39PNlPNa	9.84	4.97	2.42	1	0
3NlNa	9.95	4.69	2.6	1	0
3PNlNa	8.16	4.29	2.26	1	0
3SNlPNa	9.36	4.48	2.33	1	0
3SPNlNa	10.69	5.22	2.69	1	0
40NlNa	9.62	4.84	2.31	1	0
40PNlPNa	10.03	5.06	2.4	1	0
41NlNa	9.65	5.03	2.5	1	0
41PNlPNa	9.41	4.77	2.87	1	0
42NlNa	9.44	4.64	2.38	1	0
43NlNa	9.71	4.94	2.53	1	0
44NlNa	9.77	4.79	1.95	1	0
45NlNa	9.23	4.78	2.28	1	0
46NlPNa	10.15	4.82	2.3	1	0
47NlPNa	10.91	4.96	2.5	1	0
48NlPNa	9.81	4.91	2.3	1	0
49NlPNa	9.89	4.72	2.34	1	0
4NlNa	9.57	4.9	2.48	1	1
4PNlPNa	7.91	4.17	2.25	1	0
4SNlPNa	9.56	4.9	1.6	1	0
4SPNlNa	9.89	4.79	2.12	1	0
50NlPNa	10.22	4.94	2.5	1	0
51NlPNa	9.49	4.23	2.12	1	0
52NlPNa	9.57	4.56	2.02	1	0
52PNlNa	8.39	4.31	1.41	1	0
53NlPNa	9.26	4.71	1.95	1	0
53PNlNa	9.63	4.8	2.18	1	0
54NlPNa	9.93	4.66	2.28	1	0
54PNlNa	9.93	4.85	2.13	1	0
55NlPNa	9.95	4.87	2.18	1	0
55PNlPNa	9.06	4.54	2.16	1	0
56NlPNa	8.67	4.12	1.99	1	0
56PNlPNa	9.74	4.88	2.47	1	0
57NlPNa	9.63	4.33	2.43	1	0
57PNlPNa	9.5	4.77	2.77	1	0
58NlPNa	9.53	4.7	2.19	1	0
58PNlPNa	9.71	4.86	2.37	1	0
59NlPNa	9.65	4.6	1.86	1	0
59PNlNa	10.11	4.95	2.7	1	0
5NlNa	9.42	4.52	2.37	1	1
5PNlPNa	7.95	4.34	2.9	1	0
5SNlPNa	10.76	5.2	2.98	1	0
5SPNlNa	9.06	4.43	2.39	1	0
60NlPNa	9.03	4.75	2.09	1	0
60PNlNa	10.03	4.88	2.68	1	0
61NlPNa	10.4	4.81	1.8	1	0
61PNlNa	10.57	5.3	2.73	1	0
62NlPNa	8.93	4.41	2.225	1	0
62PNlNa	9.76	4.84	2.24	1	0
63NlPNa	8.88	4.49	2.16	1	0
63PNlNa	9.86	4.94	2.8	1	0
64NlPNa	9.75	4.54	2.25	1	0
64PNlNa	9.68	4.91	2.87	1	0
65NlPNa	11.6	5.47	2.24	1	0
65PNlNa	9.6	4.79	2.27	1	0
66NlPNa	9.61	4.96	2.08	1	0
66PNlPNa	9.23	4.5	2.42	1	0
67NlPNa	10.06	4.86	2.36	1	0
67PNlPNa	9.47	4.85	2.81	1	0
68NlPNa	10.45	5.08	2.34	1	0
68PNlPNa	9.84	4.89	2.19	1	0
69NlPNa	9.36	4.42	2.47	1	0
69PNlPNa	9.46	4.8	2.99	1	0
6NlNa	9.49	4.53	2.35	1	1
6PNlPNa	9.05	4.67	2.83	1	0
6SNlPNa	9.7	4.79	2.33	1	0
6SPNlPNa	9.58	4.83	2.86	1	0
70NlPNa	9.46	4.75	2.61	1	0
70PNlPNa	9.29	4.75	2.11	1	0
71NlPNa	9.04	4.25	2.45	1	0
71PNlPNa	10.34	5.25	2.5	1	0
72NlPNa	9.3	4.87	2.39	1	0
72PNlNa	9.83	4.87	2.57	1	0
73NlPNa	8.95	4.84	2.23	1	0
73PNlNa	9.61	4.76	2.86	1	0
74NlPNa	9.81	5.06	2.46	1	0
75NlPNa	8.98	4.81	2.27	1	0
75PNlNa	9.48	4.64	2.3	1	0
76NlPNa	8.84	4.48	2.22	1	0
76PNlPNa	9.85	4.72	2.48	1	0
77NlPNa	9.57	4.88	2.04	1	0
77PNlPNa	10.49	5.15	2.43	1	0
78NlPNa	9.37	4.89	2.55	1	0
78PNlPNa	9.46	4.76	2.48	1	0
79NlPNa	9.59	4.86	2.08	1	0
79PNlPNa	9.04	4.65	2.48	1	0
7NlNa	9.44	4.55	2.47	1	1
7SPNlPNa	9.19	4.69	2.67	1	0
80NlPNa	9.22	4.87	2.53	1	0
80PNlPNa	9.09	4.68	2.36	1	0
81NlPNa	9.03	4.59	2.18	1	0
81PNlNa	9.39	4.53	1.98	1	0
82NlPNa	10.06	4.81	2.34	1	0
82PNlNa	9.35	4.45	2.1	1	0
83NlNa	10.31	5.18	2.3	1	0
83PNlNa	9.94	4.51	2.14	1	0
84NlNa	10.8	4.97	2.11	1	0
84PNlPNa	8.98	4.58	2.93	1	0
85NlNa	9.75	4.89	2.35	1	0
85PNlPNa	9.94	4.62	2.2	1	0
86NlNa	9.74	4.88	2.44	1	0
86PNlPNa	8.98	4.33	2.2	1	0
87NlNa	9.07	4.67	1.75	1	0
87PNlNa	9.84	5.02	3.03	1	0
88NlNa	9.08	4.61	1.99	1	0
88PNlNa	9.49	4.61	2.75	1	0
89NlNa	8.67	4.22	1.9	1	0
89PNlNa	9.93	5.12	2.77	1	0
8NlNa	9.26	4.54	2.41	1	1
8PNlNa	8.65	4.32	2.41	1	0
8SNlPNa	10.68	5.06	2.52	1	0
8SPNlPNa	10.39	4.91	2.83	1	0
90NlNa	9.49	4.76	2.27	1	0
90PNlNa	10.31	5.1	2.92	1	0
91NlNa	9.73	4.12	1.96	1	0
91PNlNa	9.64	4.73	2.89	1	0
92NlNa	9.32	4.6	2.33	1	0
92PNlPNa	9.93	4.84	2.67	1	0
93NlNa	9.67	4.84	2.32	1	0
93PNlPNa	9.64	4.87	2.05	1	0
94NlNa	9.45	4.69	2.02	1	0
94PNlPNa	10.28	5.02	3.04	1	0
95NlNa	8.93	4.25	2.12	1	0
95PNlPNa	9.67	4.82	2.46	1	0
96NlNa	10.29	4.62	2.32	1	0
97PNlPNa	9.88	4.98	2.78	1	0
98NlNa	9.04	4.67	1.91	1	0
98PNlPNa	10.07	5.06	1.98	1	0
99NlNa	9.04	4.44	1.93	1	0
99PNlPNa	9.46	4.94	2.69	1	0
9NlNa	9.89	4.97	2.31	1	0
9SNlPNa	11.24	5.58	2.98	1	0
9SPNlPNa	10.55	5.08	3.31	1	0
S11NlNa	9.61	4.83	2.23	1	0
S12NlNa	9.31	4.46	2.42	1	0
S13NlNa	8.62	4.33	2.15	1	0
S14NlNa	8.78	4.31	2.32	1	0
S15NlNa	9.23	4.63	2.4	1	0
S16NlNa	9.75	4.86	1.93	1	0
S17NlNa	9.31	4.59	1.96	1	0
S18NlNa	8.99	4.24	1.78	1	0
S19NlNa	8.68	4.34	2.18	1	0
S20NlNa	8.51	4.36	1.75	1	0
S21NlNa	8.73	4.42	2.55	1	0
S22NlNa	9.52	4.89	2.36	1	0
S23NlNa	8.89	4.3	2.35	1	0
S24NlNa	9.27	4.25	1.93	1	0
S25NlNa	9.34	4.47	2.27	1	0
S26NlNa	9.88	4.65	2.11	1	0
S27NlNa	8.63	4.12	1.99	1	0
S28NlNa	8.89	4.58	1.87	1	0
S29NlNa	9.15	4.7	2.17	1	0
S2NlNa	9.59	4.31	1.87	1	0
S30NlNa	9.37	4.27	1.88	1	0
S31NlNa	9.46	4.58	2.02	1	0
S32NlNa	8.97	4.52	1.88	1	0
S33NlNa	9.24	4.12	2.08	1	0
S34NlNa	9.44	4.58	1.96	1	0
S35NlNa	9.28	4.6	2.37	1	0
S36NlNa	9.55	4.56	2.61	1	0
S37NlNa	10.83	4.71	2.16	1	0
S38NlNa	8.85	4.47	2.17	1	0
S39NlNa	9	4.2	2.02	1	0
S3NlNa	9.07	4.04	1.73	1	0
S40NlNa	8.21	4.1	1.53	1	0
S41NlNa	9.37	4.36	2.36	1	0
S42NlNa	8.65	4.26	1.61	1	0
S43NlNa	10.03	4.4	1.86	1	0
S44NlNa	10.04	4.52	2.23	1	0
S4NlNa	9.54	4.44	1.82	1	0
100NlNa	9.23	4.83	1.63	2	0
100PNlPNa	10.58	5.08	2.88	2	0
101NlNa	9.34	4.53	1.62	2	0
101PNlPNa	10.35	10.52	3.07	2	0
102NlNa	8.49	3.94	1.56	2	0
102PNlPNa	9.17	4.88	2.77	2	0
103NlNa	8.83	4.34	1.83	2	0
103PNlPNa	10.75	5.1	2.71	2	0
104NlNa	8.48	4.46	1.78	2	0
104PNlPNa	10.28	5	2.76	2	0
105NlNa	8.62	4.13	1.49	2	0
105PNlNa	9.81	5.07	2.87	2	0
106NlNa	9.35	4.58	1.62	2	0
106PNlNa	9.72	4.78	2.64	2	0
107NlNa	9.82	4.8	1.98	2	0
107PNlNa	9.63	4.72	2.82	2	0
108NlNa	8.75	4.32	1.67	2	0
108PNlNa	9.76	4.83	2.46	2	0
109NlNa	8.25	3.96	1.72	2	0
109PNlNa	9.82	4.68	3.03	2	0
10NlNa	9.74	4.67	2.6	2	1
10PNlNa	9.02	4.47	3.01	2	0
10SNlPNa	10.9	4.98	1.76	2	0
10SPNlPNa	10.4	5	2.79	2	0
110NlNa	9.43	4.73	1.79	2	0
110PNlNa	9.45	4.65	2.42	2	0
111NlNa	9.55	4.81	2.22	2	0
111PNlNa	9.81	4.75	2.34	2	0
112NlNa	8.76	4.65	1.92	2	0
112PNlNa	10.33	5.05	2.48	2	0
113NlNa	9.36	4.88	1.71	2	0
113PNlNa	9.44	4.73	2.35	2	0
114NlNa	9.13	4.46	1.82	2	0
114PNlNa	8.99	4.51	2.35	2	0
115NlNa	9.07	4.35	2.2	2	0
115PNlNa	9.24	4.56	2.42	2	0
116NlNa	8.19	4.07	1.57	2	0
116PNlNa	9.41	4.56	1.92	2	0
117NlNa	9.3	4.7	1.7	2	0
117PNlNa	9.47	4.43	2.07	2	0
118NlNa	9.01	4.44	1.83	2	0
118PNlPNa	9.34	4.48	2.16	2	0
119NlNa	9.93	4.73	2.29	2	0
119PNlPNa	9.52	4.62	2.42	2	0
11NlNa	9.7	4.48	2.93	2	1
11PNlNa	9.1	4.2	2.53	2	0
11SNlPNa	9.59	4.71	1.7	2	0
11SPNlPNa	10.17	4.97	2.8	2	0
120NlNa	8.39	4.04	1.63	2	0
120PNlPNa	10.03	4.58	2.43	2	0
121NlNa	10.04	4.82	2.16	2	0
121PNlPNa	9.03	4.42	2.31	2	0
122NlPNa	9.09	4.44	1.86	2	0
122PNlNa	9.64	4.79	2.75	2	0
123NlPNa	10.33	4.99	2.41	2	0
123PNlNa	9.59	4.74	2.38	2	0
124NlPNa	9.28	4.8	2.09	2	0
124PNlNa	10.4	5.09	2.5	2	0
125NlPNa	9.82	4.65	2.24	2	0
125PNlNa	9.34	4.65	2.77	2	0
126NlPNa	9.28	4.5	1.54	2	0
126PNlNa	9.99	4.95	2.38	2	0
127NlPNa	8.37	4.26	1.65	2	0
128NlPNa	9.22	4.3	1.83	2	0
129NlPNa	9.19	4.5	1.93	2	0
12NlNa	10.18	5.03	2.51	2	1
12PNlPNa	9.33	4.73	2.85	2	0
12SNlPNa	9.79	5.04	2.11	2	0
12SPNlNa	10.34	4.83	1.8	2	0
130NlPNa	9.32	4.63	2	2	0
131NlPNa	9.93	4.65	2.26	2	0
132NlPNa	9.51	4.54	1.85	2	0
133NlPNa	9.35	4.36	2.28	2	0
134NlPNa	9	4.36	1.58	2	0
135NlPNa	9.82	4.61	1.62	2	0
136NlPNa	9.11	4.9	1.78	2	0
137NlPNa	9.22	4.52	1.76	2	0
138NlPNa	10.39	4.97	2.41	2	0
139NlPNa	10.38	4.61	2.04	2	0
13NlNa	9.77	4.63	2.74	2	1
13PNlNa	8.6	4.37	2.76	2	0
13SNlPNa	9.91	5.01	1.91	2	0
13SPNlNa	10.35	4.91	2.49	2	0
140NlPNa	8.35	4.45	1.7	2	0
141NlPNa	9.32	4.78	2.04	2	0
142NlPNa	9.09	4.26	1.86	2	0
143NlPNa	8.36	4.36	2.3	2	0
14NlNa	9.18	4.53	2.73	2	1
14PNlPNa	9.84	4.88	2.72	2	0
14SNlPNa	10.01	4.84	2.71	2	0
14SPNlNa	10.21	4.99	2.76	2	0
15NlNa	9.47	4.68	2.86	2	1
15PNlNa	9.68	4.87	2.63	2	0
15SNlPNa	9.56	4.74	2.2	2	0
15SPNlPNa	9.61	4.77	2.63	2	0
16NlNa	10.02	5.25	2.69	2	1
16PNlPNa	9.32	4.6	2.72	2	0
16SNlPNa	10.19	5.02	2.72	2	0
16SPNlPNa	9.65	4.69	2.76	2	0
17NlNa	10.76	5.16	2.57	2	1
17PNlNa	10.15	4.97	2.47	2	0
17SNlPNa	9.81	4.89	2.24	2	0
18NlNa	9.11	4.36	2.4	2	1
18PNlPNa	8.95	4.52	2.9	2	0
18SNlPNa	8.96	4.72	1.64	2	0
19NlPNa	9.99	4.76	2.42	2	0
19PNlPNa	9.03	4.53	2.51	2	0
19SNlPNa	9.34	4.52	2.45	2	0
19SPNlNa	10.34	5	2.6	2	0
1NlNa	9.51	4.79	2.67	2	1
1PNlNa	7.75	4.1	2.19	2	0
1SNlPNa	8.81	4.34	2.59	2	0
1SPNlNa	9.18	4.54	2.68	2	0
20NlPNa	9.6	4.71	2.2	2	0
20PNlPNa	10.03	4.92	2.6	2	0
20SNlPNa	10.41	4.86	1.76	2	0
20SPNlNa	10.59	5.28	3.14	2	0
21NlPNa	10.1	4.92	2.49	2	0
21PNlPNa	9.62	4.9	2.8	2	0
21SPNlNa	9.89	4.76	2.22	2	0
22NlPNa	9.67	4.78	3.14	2	0
22PNlPNa	NA	NA	NA	2	0
22SPNlPNa	10.14	5.09	2.85	2	0
23NlPNa	9.3	4.59	2.63	2	0
23PNlPNa	NA	NA	NA	2	0
23SPNlPNa	10.08	4.88	2.85	2	0
24NlPNa	9.92	5.25	2.26	2	0
24PNlPNa	NA	NA	NA	2	0
24SPNlPNa	10.1	5	2.66	2	0
25NlPNa	10.61	5.2	2.46	2	0
25PNlPNa	NA	NA	NA	2	0
25SPNlPNa	10.43	4.8	3.03	2	0
26NlNa	9.06	4.71	2.27	2	0
26PNlPNa	9.46	4.77	2.45	2	0
26SPNlPNa	9.93	4.68	2.27	2	0
27NlNa	9.46	4.79	2.16	2	0
27PNlPNa	9.96	4.94	2.69	2	0
27SPNlPNa	10.19	4.67	2.82	2	0
28NlNa	10.44	4.95	2.42	2	0
28PNlPNa	10.54	5.11	2.93	2	0
28SPNlNa	10.5	5.02	2.57	2	0
29NlNa	9.34	4.84	2.37	2	0
29PNlNa	10.14	4.99	2.6	2	0
29SPNlNa	9.57	4.88	3.3	2	0
2NlNa	9.57	4.56	2.62	2	1
2PNlNa	7.89	4.03	2.07	2	0
2SNlPNa	9.89	5.06	2.67	2	0
2SPNlNa	9.68	4.77	2.48	2	0
30NlNa	9.33	4.51	1.92	2	0
30PNlNa	10.87	5.41	3.01	2	0
30SPNlNa	9.68	4.83	2.1	2	0
31NlNa	8.56	4.75	2.31	2	0
31PNlNa	9.59	4.75	2.68	2	0
31SPNlNa	10.4	4.94	2.64	2	0
32NlNa	10.1	4.93	2.11	2	0
32PNlNa	10	5.09	2.58	2	0
32SPNlPNa	9.97	4.69	2.43	2	0
33NlNa	9.11	4.63	2.06	2	0
33PNlNa	9.2	4.83	2.63	2	0
33SPNlPNa	10.5	5.16	2.63	2	0
34NlNa	10.55	4.93	2.03	2	0
34PNlNa	9.46	4.82	2.6	2	0
34SPNlPNa	10.7	5.2	2.56	2	0
35NlNa	10.35	5.29	2.51	2	0
35PNlNa	9.83	4.91	2.4	2	0
35SPNlNa	10.1	4.87	2.74	2	0
36NlNa	8.84	4.46	2.58	2	0
36PNlPNa	9.19	4.75	2.4	2	0
37NlNa	9.37	4.63	2.01	2	0
37PNlPNa	10.03	4.99	2.74	2	0
38NlNa	10.54	5.51	2.47	2	0
38PNlPNa	9.43	5	2.62	2	0
39NlNa	9.28	4.58	2.29	2	0
39PNlPNa	9.83	4.97	2.46	2	0
3NlNa	9.84	4.82	2.43	2	0
3PNlNa	8.36	4.29	2.37	2	0
3SNlPNa	9.31	4.51	1.99	2	0
3SPNlNa	10.6	5.32	2.54	2	0
40NlNa	9.79	4.74	1.9	2	0
40PNlPNa	10.11	5.03	2.56	2	0
41NlNa	9.75	5.01	2.44	2	0
41PNlPNa	9.32	4.65	2.82	2	0
42NlNa	9.02	4.77	2.17	2	0
43NlNa	9.88	4.55	2.29	2	0
44NlNa	9.58	4.71	2.22	2	0
45NlNa	9.71	4.69	2.2	2	0
46NlPNa	10.2	5.03	2.44	2	0
47NlPNa	10.89	5.34	2.55	2	0
48NlPNa	9.71	4.8	2.1	2	0
49NlPNa	9.96	4.73	2.28	2	0
4NlNa	9.87	4.59	2.2	2	1
4PNlPNa	8.15	3.98	2.29	2	0
4SNlPNa	9.48	4.93	1.91	2	0
4SPNlNa	9.72	4.7	2.84	2	0
50NlPNa	10.15	4.89	2.09	2	0
51NlPNa	9.23	4.58	2.12	2	0
52NlPNa	9.02	4.55	2.39	2	0
52PNlNa	8.51	4.35	1.65	2	0
53NlPNa	9.58	4.66	2.09	2	0
53PNlNa	9.67	4.71	2.05	2	0
54NlPNa	10.02	4.44	2.08	2	0
54PNlNa	9.91	4.86	2.31	2	0
55NlPNa	10.44	4.91	2.3	2	0
55PNlPNa	9.08	4.48	2.27	2	0
56NlPNa	9.07	4.08	1.99	2	0
56PNlPNa	9.76	4.86	2.64	2	0
57NlPNa	9.67	4.32	2.22	2	0
57PNlPNa	9.42	4.81	2.64	2	0
58NlPNa	9.32	4.37	2.3	2	0
58PNlPNa	9.7	4.88	2.61	2	0
59NlPNa	9.52	4.56	2.11	2	0
59PNlNa	10.02	4.84	2.73	2	0
5NlNa	9.41	4.43	2.09	2	1
5PNlPNa	7.56	4.02	2.89	2	0
5SNlPNa	10.6	5.15	2.96	2	0
5SPNlNa	8.95	4.47	2.11	2	0
60NlPNa	8.7	4.54	1.64	2	0
60PNlNa	10.08	5.03	2.83	2	0
61NlPNa	10.39	4.89	1.91	2	0
61PNlNa	10.56	5.27	2.92	2	0
62NlPNa	9.18	4.54	2.42	2	0
62PNlNa	9.71	4.82	2.26	2	0
63NlPNa	8.78	4.61	2.2	2	0
63PNlNa	9.72	4.8	2.66	2	0
64NlPNa	9.72	4.4	2.1	2	0
64PNlNa	9.66	4.89	2.82	2	0
65NlPNa	11.47	5.47	2.55	2	0
65PNlNa	9.61	4.63	2.24	2	0
66NlPNa	9.73	4.77	2.35	2	0
66PNlPNa	9.18	4.56	2.43	2	0
67NlPNa	10.21	5.14	2.6	2	0
67PNlPNa	9.69	4.83	2.87	2	0
68NlPNa	10.28	5.09	2.46	2	0
68PNlPNa	9.71	4.77	2.67	2	0
69NlPNa	9.69	4.73	2.73	2	0
69PNlPNa	9.54	4.68	2.88	2	0
6NlNa	9.83	4.75	2.23	2	1
6PNlPNa	8.82	4.52	2.84	2	0
6SNlPNa	9.78	4.84	2.22	2	0
6SPNlPNa	9.46	4.77	2.86	2	0
70NlPNa	9.49	4.89	2.54	2	0
70PNlPNa	9.19	4.74	2.49	2	0
71NlPNa	8.32	4.69	2.83	2	0
71PNlPNa	10.41	5.29	2.06	2	0
72NlPNa	9.8	4.63	2.26	2	0
72PNlNa	9.76	4.83	2.46	2	0
73NlPNa	8.41	4.79	2.33	2	0
73PNlNa	9.82	4.68	3.03	2	0
74NlPNa	9.69	4.86	2.24	2	0
75NlPNa	9.27	4.78	2.36	2	0
75PNlNa	9.45	4.65	2.42	2	0
76NlPNa	9.13	4.57	2.04	2	0
76PNlPNa	9.81	4.75	2.54	2	0
77NlPNa	9.83	4.89	2.34	2	0
77PNlPNa	10.33	5.05	2.48	2	0
78NlPNa	9.81	4.83	2.23	2	0
78PNlPNa	9.44	4.73	2.35	2	0
79NlPNa	9.84	4.85	2.34	2	0
79PNlPNa	8.99	4.51	2.35	2	0
7NlNa	9.56	4.58	2.66	2	1
7SPNlPNa	9.22	4.62	2.6	2	0
80NlPNa	9.27	4.68	2.05	2	0
80PNlPNa	9.24	4.56	2.42	2	0
81NlPNa	9.28	4.66	2.16	2	0
81PNlNa	9.41	4.56	1.92	2	0
82NlPNa	9.41	4.96	2.22	2	0
82PNlNa	9.47	4.43	2.07	2	0
83NlNa	10.35	5.09	NA	2	0
83PNlNa	9.34	4.48	2.16	2	0
84NlNa	10.47	5.03	NA	2	0
84PNlPNa	9.52	4.62	2.42	2	0
85NlNa	9.41	4.79	NA	2	0
85PNlPNa	10.03	4.58	2.43	2	0
86NlNa	9.66	4.94	NA	2	0
86PNlPNa	9.03	4.42	2.31	2	0
87NlNa	8.71	4.53	NA	2	0
87PNlNa	9.85	5.06	2.82	2	0
88NlNa	8.98	4.56	NA	2	0
88PNlNa	9.36	4.57	2.67	2	0
89NlNa	8.5	4.09	NA	2	0
89PNlNa	10.02	4.9	2.93	2	0
8NlNa	9.5	4.52	2.24	2	1
8PNlNa	8.8	4.23	2.53	2	0
8SNlPNa	10.55	5.09	2.52	2	0
8SPNlPNa	10.32	4.92	2.7	2	0
90NlNa	9.93	4.67	NA	2	0
90PNlNa	10.37	5.04	2.93	2	0
91NlNa	9.27	4.63	NA	2	0
91PNlNa	9.64	4.72	2.83	2	0
92NlNa	8.57	4.42	NA	2	0
92PNlPNa	9.88	4.82	2.52	2	0
93NlNa	9.43	4.55	NA	2	0
93PNlPNa	9.6	4.96	2.07	2	0
94NlNa	9.08	4.67	NA	2	0
94PNlPNa	10.25	4.96	3.16	2	0
95NlNa	9.15	4.39	NA	2	0
95PNlPNa	9.52	4.82	2.45	2	0
96NlNa	9.62	4.94	NA	2	0
97PNlPNa	9.64	5.1	2.89	2	0
98NlNa	8.93	4.77	1.85	2	0
98PNlPNa	10.15	5.1	1.98	2	0
99NlNa	9.01	4.58	1.76	2	0
99PNlPNa	9.6	4.87	2.76	2	0
9NlNa	9.63	4.86	2.53	2	0
9SNlPNa	11.44	5.55	3.08	2	0
9SPNlPNa	10.87	5.04	3.27	2	0
S11NlNa	9.8	4.87	2.38	2	0
S12NlNa	9.22	4.71	1.99	2	0
S13NlNa	8.9	4.5	2.3	2	0
S14NlNa	8.98	4.31	2.19	2	0
S15NlNa	9.23	4.48	2.37	2	0
S16NlNa	9.7	4.74	2.12	2	0
S17NlNa	9.28	4.6	1.93	2	0
S18NlNa	8.95	4.34	2.13	2	0
S19NlNa	8.9	4.31	2.04	2	0
S20NlNa	8.25	4.41	1.87	2	0
S21NlNa	8.66	4.39	2.47	2	0
S22NlNa	9.52	4.55	1.94	2	0
S23NlNa	8.69	4.21	2.15	2	0
S24NlNa	9.35	4.53	1.91	2	0
S25NlNa	9.25	4.74	2.32	2	0
S26NlNa	9.63	4.48	2.01	2	0
S27NlNa	8.57	4.28	2.09	2	0
S28NlNa	8.6	4.33	1.98	2	0
S29NlNa	9.49	4.7	2.03	2	0
S2NlNa	9.38	4.31	2.15	2	0
S30NlNa	8.75	4.22	1.92	2	0
S31NlNa	8.88	4.44	1.91	2	0
S32NlNa	9	4.36	1.76	2	0
S33NlNa	8.93	4.3	1.75	2	0
S34NlNa	9.53	4.58	1.83	2	0
S35NlNa	8.86	4.51	2.41	2	0
S36NlNa	9.27	4.56	2.5	2	0
S37NlNa	9.91	4.51	2.2	2	0
S38NlNa	8.59	4.6	1.7	2	0
S39NlNa	9.02	4.18	1.75	2	0
S3NlNa	9.15	4.15	1.43	2	0
S40NlNa	8.04	4.28	1.86	2	0
S41NlNa	9.44	4.51	2.05	2	0
S42NlNa	8.75	3.98	1.54	2	0
S43NlNa	10.07	4.48	1.96	2	0
S44NlNa	9.84	4.79	1.53	2	0
S4NlNa	9.4	4.39	1.81	2	0
